   G 3  5587  5064  5064  5587  5041  5568  5063  5064  5064
        5041  5561  5561  5561  5561
   G26  8163  8100  8100  8162  8099  8157  8100  8100  8100
        8099  8155  8155  8155  8155
   G16  9582  9402  9402  9582  9391     0  9402  9402  9402
        9391     0     0     0     0
   R22 20756 20749 20749 20755 20749 20713 20345 20345 20345
       20345     0     0     0     0
   R14  9549  9512  9512  9548  9512  9502  9082  9082  9082
        9082     0     0     0     0
   G 7 17548 16564 16564 17548 16499 17521 16551 16564 16564
       16498     0     0     0     0
   G 2 21541 21379 21379 21540 21361     0 21377 21379 21379
       21360     0     0     0     0
   R16 14897 14893 14893 14897 14893 14896 14897 14897 14897
       14897     0     0     0     0
   R21 16102 16040 16040 16102 16040 16091 16057 16057 16057
       16057     0     0     0     0
   G 6 19370 19128 19128 19370 19093 19365 19126 19128 19128
       19093 19363 19363 19363 19363
   R23 17524 17345 17362 17523 17345 16982 16117 16151 16151
       16117     0     0     0     0
   R 5 12766 12757 12757 12766 12757 12735 12281 12281 12281
       12280     0     0     0     0
   G 9 13291 12930 12930 13291 12915 13046 12915 12930 12930
       12910 12912 13276 13276 12912
   R 4  7881  7774  7780  7881  7773  7541  7161  7163  7163
        7160     0     0     0     0
   R 6 18312 18287 18287 18311 18287 18296 18078 18078 18078
       18078     0     0     0     0
   G23  8449  8309  8309  8449  8299     0  8308  8309  8309
        8299     0     0     0     0
   G 4  6776  6580  6580  6775  6569     0  6580  6580  6580
        6569     0     0     0     0
   R15 10009  9964  9964 10008  9964  9993  9904  9904  9904
        9904     0     0     0     0
   G 8  9544  8546  8546  9544  8493  9497  8535  8546  8546
        8492  9484  9484  9484  9474
   R 7 18078 18028 18028 18077 18028 18051 18006 18006 18006
       18006     0     0     0     0
   G30 20921 20762 20762 20921 20752 20902 20759 20762 20762
       20752 20893 20893 20893 20892
   G 5 19151 18853 18853 19150 18827 19137 18851 18853 18853
       18827     0     0     0     0
   R 9 17464 17308 17308 17464 17308 17348 17083 17083 17083
       17083     0     0     0     0
   R24 10832 10812 10812 10831 10812 10708  8729  8730  8730
        8729     0     0     0     0
   G27  6783  6676  6676  6783  6672  6770  6676  6676  6676
        6672  6769  6769  6769  6766
   R 8 14589 14574 14574 14589 14574 14558 14467 14467 14467
       14467     0     0     0     0
   G28 17657 16998 16998 17657 16977     0 16994 16998 16998
       16977     0     0     0     0
   R17  6639  6596  6596  6639  6596  6560  6285  6285  6285
        6285     0     0     0     0
   G13 18908 18750 18750 18908 18746     0 18749 18750 18750
       18746     0     0     0     0
   G20 12943 12755 12755 12942 12742     0 12755 12755 12755
       12742     0     0     0     0
   R10 19951 19942 19942 19951 19942 19920 19512 19512 19512
       19512     0     0     0     0
   R18  7941  7928  7928  7941  7927  7827  7554  7554  7554
        7554     0     0     0     0
   G15 16205 15921 15921 16205 15902 16195 15921 15921 15921
       15902     0     0     0     0
   R 1 13076 13069 13069 13076 13069 13071 12914 12914 12914
       12914     0     0     0     0
   R19 10916 10842 10844 10916 10842 10866 10737 10744 10744
       10737     0     0     0     0
   R11 19761 19739 19739 19761 19739 19747 19719 19719 19719
       19719     0     0     0     0
   G17 17174 16901 16901 17174 16898 17168 16901 16901 16901
       16898     0     0     0     0
   G18  6910  6320  6320  6910  6246     0  6308  6320  6320
        6245     0     0     0     0
   G24 19639 19613 19613 19639 19613 19631 19613 19613 19613
       19613 19629 19629 19629 19629
   R20 14384 14355 14355 14384 14355 14379 14373 14373 14373
       14373     0     0     0     0
   G11  6470  5958  5958  6470  5898     0  5958  5958  5958
        5898     0     0     0     0
   G19 16969 16814 16816 16969 16803     0 16816 16816 16816
       16805     0     0     0     0
   R 2 10736 10707 10707 10736 10707 10723 10618 10618 10618
       10618     0     0     0     0
   G 1  7436  7032  7032  7436  7004  7425  7030  7032  7032
        7004  7426  7426  7426  7426
   G10  4268  3917  3917  4268  3863  4224  3916  3917  3917
        3863  4190  4190  4190  4169
   G12 21520 21455 21455 21519 21453 21516 21455 21455 21455
       21453     0     0     0     0
   R12 18659 18652 18652 18659 18652    22     5    13    13
           3     0     0     0     0
   R 3  8654  8641  8641  8654  8641  8601  8444  8444  8444
        8444     0     0     0     0
   G32 10689 10369 10369 10689 10362 10683 10363 10369 10369
       10362 10681 10681 10681 10681
   G25 15675 15668 15668 15674 15668 15672 15668 15668 15668
       15668 15670 15670 15670 15670
   G14  9635  9393  9393  9635  9380     0  9393  9393  9393
        9380     0     0     0     0
   R13 12827 12819 12819 12826 12819 12821 12819 12819 12819
       12819     0     0     0     0
   G29 10543 10525 10525 10542 10524 10536 10525 10525 10525
       10524     0     0     0     0
   G31  9167  9018  9018  9166  9004  9162  9016  9018  9018
        9004     0     0     0     0
   G21  1416  1401  1401  1415  1391     0  1401  1401  1401
        1391     0     0     0     0
