     2.10           N: GPS NAV DATA                         RINEX VERSION / TYPE
JPS2RIN v.2.0.112   Sergey Smirnov      20170626 120329 UTC PGM / RUN BY / DATE
                                                            END OF HEADER
 2 17  6 26 12  0  0.0 3.902516327798D-04-8.185452315956D-12 0.000000000000D+00
    1.600000000000D+01-1.464687500000D+02 4.277678182467D-09-2.504101438676D+00
   -7.446855306625D-06 1.682138664182D-02 1.002475619316D-05 5.153822154999D+03
    1.296000000000D+05 1.713633537292D-07-3.070693714262D+00-6.891787052155D-08
    9.471061362122D-01 1.743750000000D+02-1.970247964782D+00-7.733536418548D-09
   -4.643050544549D-11 1.000000000000D+00 1.955000000000D+03 0.000000000000D+00
    2.000000000000D+00 0.000000000000D+00-2.048909664154D-08 1.600000000000D+01
    1.224000000000D+05 4.000000000000D+00
 4 17  6 26 12  0  0.0-1.819292083383D-05 2.273736754432D-13 0.000000000000D+00
    1.250000000000D+02 3.815625000000D+01 3.848731743697D-09-1.907098965641D+00
    1.966953277588D-06 1.655806554481D-02 1.182407140732D-05 5.153659448624D+03
    1.296000000000D+05 1.508742570877D-07 2.648797276124D-01-1.098960638046D-07
    9.861765248850D-01 1.618437500000D+02-2.425168833513D+00-7.385664785441D-09
   -2.346526313668D-10 1.000000000000D+00 1.955000000000D+03 0.000000000000D+00
    2.000000000000D+00 6.300000000000D+01-5.122274160385D-09 1.250000000000D+02
    1.285200000000D+05 4.000000000000D+00
12 17  6 26 12  0  0.0 3.804587759078D-04-9.094947017729D-13 0.000000000000D+00
    2.200000000000D+01 1.420000000000D+02 3.858375002520D-09 2.239306618829D+00
    7.048249244690D-06 6.632093922235D-03 6.537884473801D-06 5.153769727707D+03
    1.296000000000D+05-4.470348358154D-08 1.224815014622D+00-1.266598701477D-07
    9.889359014469D-01 2.660625000000D+02 8.998050661385D-01-7.816039855147D-09
    2.235807416067D-10 1.000000000000D+00 1.955000000000D+03 0.000000000000D+00
    2.000000000000D+00 0.000000000000D+00-1.257285475731D-08 2.200000000000D+01
    1.224000000000D+05 4.000000000000D+00
25 17  6 26 12  0  0.0-4.113884642720D-04-6.480149750132D-12 0.000000000000D+00
    4.700000000000D+01 1.482500000000D+02 4.190888853057D-09 1.749445844790D+00
    7.532536983490D-06 6.503224256448D-03 7.586553692818D-06 5.153577339172D+03
    1.296000000000D+05-1.639127731323D-07 1.169145555742D+00 3.725290298462D-09
    9.768671783933D-01 2.415312500000D+02 8.264709168025D-01-8.022834183247D-09
    2.253665302777D-10 1.000000000000D+00 1.955000000000D+03 0.000000000000D+00
    2.000000000000D+00 0.000000000000D+00 5.587935447693D-09 4.700000000000D+01
    1.224000000000D+05 4.000000000000D+00
29 17  6 26 11 59 44.0 5.913982167840D-04-3.751665644813D-12 0.000000000000D+00
    2.500000000000D+01-4.593750000000D+01 4.362681723205D-09 9.179238463669D-01
   -2.376735210419D-06 6.730379536748D-04 9.071081876755D-07 5.153607460022D+03
    1.295840000000D+05-8.009374141693D-08 2.271711480210D+00 4.470348358154D-08
    9.813394550130D-01 3.725937500000D+02 5.403041570369D-01-8.336061516137D-09
   -2.346526313668D-10 1.000000000000D+00 1.955000000000D+03 0.000000000000D+00
    2.000000000000D+00 0.000000000000D+00-9.778887033463D-09 2.500000000000D+01
    1.224000000000D+05 4.000000000000D+00
31 17  6 26 12  0  0.0 1.922529190779D-04-2.387423592154D-12 0.000000000000D+00
    3.100000000000D+01 1.959375000000D+01 4.330537527128D-09 2.634225855726D+00
    1.188367605209D-06 8.409749716520D-03 1.191720366478D-05 5.153729473114D+03
    1.296000000000D+05-1.396983861923D-07 1.510865658191D-01 1.247972249985D-07
    9.671442239990D-01 1.536562500000D+02-2.518986410695D-01-7.705320957546D-09
   -5.335936548890D-10 1.000000000000D+00 1.955000000000D+03 0.000000000000D+00
    2.000000000000D+00 0.000000000000D+00-1.350417733192D-08 3.100000000000D+01
    1.269000000000D+05 4.000000000000D+00
